label_1
label_2
label_3
label_4
label_5
label_6
label_7
label_8
label_9
label_10
label_11
label_12
label_13
label_14
label_15
label_16
label_17
label_18
label_19
label_20
label_21
label_22
label_23
label_24
label_25
label_26
label_27
label_28
label_29
label_30
19597
19593
19742
64914
19619
64903
19544
19660
19531
71363
19734
64949
64901
64938
19676
17355
19613
19573
64932
64935
64950
64941
19647
63912
63913
64933
19717
19599
19543
19537
19575
19656
64946
19726
63587
64905
19549
64899
19579
19671
16122
19677
19566
19649
19560
64900
19576
19562
64929
19565
19713
64947
19514
19507
19725
19584
19581
19595
19564
19718
64902
19749
19590
19538
19542
19750
18608
19646
19666
19615
19519
64930
64927
19731
64182
64943
64906
19655
16169
64898
19698
19640
64907
19505
64921
19675
19506
19568
60455
19643
62718
19690
19635
19661
10054
19639
19625
19642
19729
64948
19736
19529
19603
64937
19658
19572
19667
63059
19670
19631
19605
64684
19630
19558
71864
19632
71545
19586
19556
19674
19732
64904
19540
64014
19557
64963
19606
64997
17189
19608
63583
19733
19623
19714
19694
19583
19600
19554
64895
64894
19620
19585
19721
63375
19741
63550
64271
19663
19664
64931
19533
19555
64233
19682
19598
19703
60939
64915
19528
19617
64059
19669
64917
19659
64911
19532
19539
19626
64909
18540
64934
19743
19574
19523
17326
64944
64073
19641
19561
64920
19622
19526
19387
19684
19629
16862
10056
19601
62866
19648
64924
19545
64775
19591
63128
19614
19518
19149
18431
64912
19511
19148
19709
19689
64926
19553
64916
19652
64913
19735
19589
19530
19723
19701
64263
63468
64925
19638
71930
64923
19692
64130
64922
19738
19596
64216
19722
19668
19685
19571
19665
19662
64147
64320
62280
19681
19673
63374
19657
19634
19672
70535
71405
64940
63594
64942
71748
19716
64918
19577
19580
16050
19534
64936
64945
19653
19520
19637
64897
16349
64939
70164
62430
19628